teleportenabled: true
teleportauto: false
godmode: false
muted: false
jailed: false
ip-address: 76.170.82.182
afk: false
socialspy: false
npc: false
powertoolsenabled: true
accepting-pay: true
baltop-exempt: false
timestamps:
  lastteleport: 1749249519105
  lastheal: 0
  mute: 0
  jail: 0
  onlinejail: 0
  logout: 1749249560640
  login: 1749249647802
money: '0'
logoutlocation:
  world: 4115495b-0710-4b04-8bfe-74c3987bb255
  world-name: world
  x: -6.069074342768628
  y: 148.0
  z: -57.63704218875009
  yaw: -92.52849578857422
  pitch: 13.911844253540039
last-account-name: bonnie_donkis
lastlocation:
  world: 4115495b-0710-4b04-8bfe-74c3987bb255
  world-name: world
  x: -16.572035316661907
  y: 148.0
  z: -57.03478568485688
  yaw: 16.988861083984375
  pitch: 20.477506637573242
homes:
  a:
    world: 4115495b-0710-4b04-8bfe-74c3987bb255
    world-name: world
    x: -11.000285430805214
    y: 148.0
    z: -78.83996090410213
    yaw: 133.49658203125
    pitch: 18.77527618408203
  b:
    world: 4115495b-0710-4b04-8bfe-74c3987bb255
    world-name: world
    x: -13.467005473127916
    y: 148.0
    z: -80.69999998807907
    yaw: 133.49658203125
    pitch: 18.77527618408203
  c:
    world: 4115495b-0710-4b04-8bfe-74c3987bb255
    world-name: world
    x: -16.042063551496213
    y: 149.0
    z: -82.69999998807907
    yaw: 133.49658203125
    pitch: 18.77527618408203
