spawns:
  default:
    world: 4d87bd66-1396-4e8f-9e2c-1f84ae0f5700
    world-name: world
    x: -4.779878940871365
    y: 64.0
    z: -10.682769663409852
    yaw: 80.10919189453125
    pitch: 20.52791404724121
