Homes:
  main:
    X: -3.701176237925888
    Y: 147.0
    Z: -94.9114657670678
    Yaw: -164.06421
    Pitch: 29.45105
    World: world
