Homes:
  main:
    X: -3.751366897748886
    Y: 113.0
    Z: 3.8897653087029957
    Yaw: -15.791175
    Pitch: 40.702732
    World: world
